{
  "advancedEditorSelectedIdentifier" : "ProjectBrowser",
  "openSceneRelativePaths" : [
    "Scene.usda"
  ],
  "recentIdentifiers" : {
    "DAD14978-E2B0-40B2-B4F3-337A2A6838BA" : [

    ]
  },
  "sceneCameraHistory" : {
    "DAD14978-E2B0-40B2-B4F3-337A2A6838BA" : [
      {
        "date" : 789317750.963165,
        "title" : "Untitled",
        "transform" : [
          0.99999595,
          -4.5512683e-10,
          -0.0028612586,
          0,
          -0.001040171,
          0.93158144,
          -0.3635312,
          0,
          0.0026655116,
          0.36353266,
          0.9315776,
          0,
          0.0024527456,
          0.3345158,
          0.8572193,
          1
        ]
      },
      {
        "date" : 789317362.255959,
        "title" : "Untitled",
        "transform" : [
          0.99999595,
          -4.5512683e-10,
          -0.0028612586,
          0,
          -0.0010401711,
          0.93158156,
          -0.36353123,
          0,
          0.0026655118,
          0.3635327,
          0.93157774,
          0,
          0.0033884225,
          0.46212706,
          1.1842324,
          1
        ]
      },
      {
        "date" : 789317355.507729,
        "title" : "Untitled",
        "transform" : [
          0.99963444,
          -4.411983e-10,
          -0.02703301,
          0,
          -0.021401465,
          0.610938,
          -0.79138917,
          0,
          0.016515512,
          0.7916785,
          0.61071473,
          0,
          0.0209947,
          1.0063909,
          0.7763476,
          1
        ]
      },
      {
        "date" : 789317346.905435,
        "title" : "Untitled",
        "transform" : [
          0.9999417,
          -5.3859234e-10,
          0.010796745,
          0,
          0.00503971,
          0.8843729,
          -0.46675405,
          0,
          -0.009548332,
          0.46678123,
          0.88432133,
          0,
          -0.021156881,
          1.0342786,
          1.9594489,
          1
        ]
      },
      {
        "date" : 789314679.089064,
        "title" : "Untitled",
        "transform" : [
          0.9999417,
          -5.3859234e-10,
          0.010796745,
          0,
          0.00503971,
          0.8843729,
          -0.46675405,
          0,
          -0.009548332,
          0.46678123,
          0.88432133,
          0,
          -0.0076660006,
          0.37476122,
          0.7099884,
          1
        ]
      },
      {
        "date" : 789313665.564895,
        "title" : "Untitled",
        "transform" : [
          0.9999417,
          -5.3859234e-10,
          0.010796745,
          0,
          0.00503971,
          0.8843729,
          -0.46675405,
          0,
          -0.009548332,
          0.46678123,
          0.88432133,
          0,
          -0.024694871,
          1.2072364,
          2.28712,
          1
        ]
      },
      {
        "date" : 789313609.395679,
        "title" : "Untitled",
        "transform" : [
          0.98138523,
          -5.434746e-10,
          0.1920493,
          0,
          0.085871056,
          0.8944689,
          -0.43880707,
          0,
          -0.17178212,
          0.44713026,
          0.87781864,
          0,
          -0.44428012,
          1.1564131,
          2.2703023,
          1
        ]
      }
    ]
  },
  "sceneViewportBackgroundColors" : {

  }
}